1 1
746 1376
1998 1671
3728 2677
1655 3284
4386 3017
4963 4601
3008 1346
8010 6354
7410 8309
6655 4974
6984 5794
11414 11842
4564 5650
3750 3486
4048 3085
7514 8856
972 859
9576 9316
3380 2708
19866 20601
15356 14154
20838 20395
5808 6736
6100 5335
21892 22478
26163 24582
9380 9321
1044 754
24600 25925
13361 11476
25824 24842
27456 26950
15028 14627
15715 13930
2016 2982
28083 29618
8170 6321
24843 25457
37560 39204
39442 40840
4536 3861
1290 1798
10912 10349
15885 14859
1150 1527
4277 6086
35280 36587
47628 48806
27100 26856
408 1075
21580 22975
40545 40197
7020 7162
17655 17156
51800 52251
23940 25771
56434 56475
46433 47305
27000 27247
15006 16566
46996 45128
62622 64612
10560 9374
64090 62437
3432 1878
31825 31472
25704 24295
11040 12093
32130 31354
27335 28450
5616 5539
53801 53963
52466 53359
49575 50966
24624 25332
32340 31979
22230 22344
36735 36711
7600 9175
23733 24387
7298 8059
76941 77908
4704 4144
69105 69800
70176 69499
6873 6560
78144 78299
20737 19958
63810 64182
51142 52854
33672 34801
51894 53446
54426 53250
36670 37787
57312 57334
18430 20376
40082 42073
44154 42836
12200 10593
