1 10
100 200
201 210
900 1000
1 1
63586 546
23176 994
60453 989
52780 590
39073 29
225 724
21814 938
88645 587
80767 420
14893 102
93274 560
58031 926
14439 771
70997 43
21853 840
86742 382
46371 854
4320 635
96963 131
13153 244
98682 519
93055 871
60646 996
85442 451
35372 263
17812 734
14205 601
47976 980
43712 250
94897 91
19610 251
77797 309
14446 157
77911 451
76693 733
10916 865
46611 993
6644 836
49234 580
97584 378
95397 429
44606 601
31913 129
16177 997
91527 654
91450 711
57257 114
43721 321
24345 431
84421 346
68095 282
19689 182
97460 449
65446 486
11326 250
33287 747
10451 86
10844 89
69870 836
36899 583
3774 727
29812 568
18994 496
72614 929
40779 555
2098 130
64236 966
6622 552
57878 785
22148 322
66888 341
27354 773
59730 548
27907 941
57511 815
73984 580
62075 854
88370 315
51295 840
84776 197
7206 285
64703 827
95653 761
40132 325
91570 616
87954 860
19818 716
33619 711
997 42
88113 255
39856 250
25710 806
31408 289
93062 986
72993 261
