1 10
100 200
201 210
900 1000
10 1
1 1
5 5
1 2
990000 1000000
210 201
10 1
1 999999
999999 1
249727 242001
13290 249131
70542 73311
51261 54607
41794 20635
30911 00562
93416 33889
5245 1037
2219 2877
91638 83574
34396 18010
74940 11870
17878 79694
99043 849810
54591 99283
83536 71052
1148 9278
393284 279294
47087 587675
835119 452065
429435 4588
18279 82831
52959 60486
51332 75285
38536 26391
10 9
44603 81423
192159 560122
352863 935884
95 655
77 97
79 95
500138 904510
62 64
728765 780076
404547 670592
9 8
313054 257894
951 167
56655 425814
988581 114588
981540 889810
6834 4432
870 704
608 778
88 42
5634 7779
85663 283491
122 100
156074 841316
626680 41095
42 43
1001 2002
6537 0185
35309 24574
2552 5208
1502 4212
626 480
376450 50380
4546 6390
1396 4044
2004 3358
55533 51900
59112 4680
84664 6311
184882 253945
00001 000001
689386 218912
8765 4364
932923 392491
165888 346979
722 818
624 866
700697 720256
752419 929085
528428 376046
656609 66717
711 238
488499 242128
507281 230204
359 254
521213 985035
870870 623237
3487 1619
394962 744579
89917 49413
54351 34792
