900 1000
1 999999
99998 99999
15 18
18 15
6969 9696
1 8232
2 667
3 3539
4 3202
1715 28242
8691 71
7197 86335
9563 55149
2179 95081
14 9987
50631 6628
7869 442
1191 9716
5948 4411
6911 8030
4703 71082
1320 7234
2681 7631
19375 9954
1721 89672
9481 9130
39155 9939
9286 13
5114 2807
2550 2650
3152 6042
175 7357
6475 6691
3509 50
3326 1
42324 6309
1089 9177
43904 7429
882282 85301
33 333333
4346 85714
2645 2870
999999 7
404 2535
777 493
256 256
9178 35548
3810 1182
69 7540
5059 5309
63466 4503
8592 5956
1824 6664
3962 6677
4219 135
1755 2533
5 605010
54 46402
432 52661
9675 13
4757 782
9410 7004
8518 2141
8194 1387
3213 7274
6790 7096
580 7120
4970 833
6705 5684
4855 66631
1291 68661
538 3233
9405 1120
8367 9773
566 3343
1823 6881
1 31991
11871 65
65681 3826
132 7672
37694 9609
6945 4343
29781 5034
3004 50
27 7411
5202 8078
8636 629741
37 230300
9 109700
8422 400
5272 7983
6 23444
8541 3797
20 5707
58444 6307
3084 8888
15524 789
30011 4159
12700 7514