259630 353769
152804 214185
368597 393315
559489 858757
738254 546878
264176 214743
91822 321157
1 999999
920608 213432
403874 726170
258654 948541
212104 694117
720780 589876
81914 953725
572337 3048
990543 260821
470674 627489
978850 415919
979053 291478
967519 427810
883535 346943
148845 647229
299794 616905
522680 227590
721399 354275
3802 957851
711580 320054
92517 709754
275674 594097
332559 471772
299261 476674
708667 230908
931873 860384
955296 127669
525093 800453
872088 260105
17743 668665
767047 487678
545724 503498
38758 458402
907778 239320
75051 360176
464868 758604
900055 205387
726769 544809
471707 395559
911865 213307
671016 822919
628525 671851
720914 228960
426962 975348
298016 923933
992994 981104
760946 594620
387007 283788
208207 507669
829140 768475
444427 211131
169418 332741
516049 795707
610340 967008
633938 923202
808888 112599
503242 531099
547083 554374
593900 396373
526407 316648
279146 566530
133595 984168
415075 52380
671791 329427
907368 261827
704387 277231
295212 448482
82467 713957
427464 143471
657161 443673
994729 974992
707087 866522
475159 736539
215503 114933
416482 311670
787737 675300
636075 469470
286800 131876
100940 498947
116385 226724
118821 649231
760097 614169
757828 613511
454659 348591
536816 323210
915250 62041
824274 249143
254929 8009
385921 737324
322189 613372
519849 874729
64539 381612
93654 434130
