1 10
100 200
201 210
900 1000
1 1
1 999999
999999 1
999999 999999
100000 1
1 100000
52568 86525
2 820
820 2
420 420
398274 398275
75 175
3736 5882
7392 2102
9275 5109
2879 6908
4911 3501
8913 641
7440 4988
458 1473
2561 8200
4652 4530
3132 217
618 2482
8187 7522
1770 1020
7793 4852
8030 2384
9872 5492
4246 5495
8973 9113
8861 2461
4242 8124
6615 548
338 5791
554 7634
697 7879
1937 4635
8753 5115
1658 5294
2681 7994
7374 1745
3346 7919
7365 8545
3986 5741
6516 2028
8375 2840
4879 6493
5557 851
4135 2840
4105 4192
9634 8085
3224 8720
2126 2123
9315 1274
4085 1305
9117 3188
4562 9223
6044 7306
8943 5722
9195 8489
2933 1730
7663 3187
5173 7134
9599 9525
8605 8253
7861 4216
582 534
2644 404
9959 285
9667 1057
8686 9008
2036 8729
3268 326
5279 8399
309 6303
730 2788
420 9204
3275 1241
3544 9962
6927 5208
6877 9379
7218 8242
2702 5725
9217 2809
716 2239
8429 1521
517 3814
8087 9138
9205 1507
3998 5746
42 80
92 93
155 65
247 396
9000 9999