1 10
100 200
201 210
900 1000
304830 522978
745122 615163
394514 836288
839116 753795
301430 86743
748023 331958
750219 425941
534643 800761
302987 356551
76294 462746
330410 366103
576654 605253
167225 99229
551924 520902
104416 18305
247175 324784
518774 611220
440962 506902
206453 132587
469749 519457
107711 151757
162905 97888
883356 876122
674797 686891
45664 1
967739 914301
310080 360871
801193 828768
536922 460270
711158 751726
179324 188841
801912 805879
130413 139085
99348 103770
356431 365435
603770 612704
878568 880512
894095 890942
248845 246350
3569 7988
321828 316536
598763 589247
588294 597978
418248 426544
41236 37970
445570 436856
729341 733397
13500 5342
964114 972227
656647 666210
191960 184129
568794 568450
36237 35656
382047 390468
973948 981129
139176 144035
435510 437635
221993 217670
158935 161292
679496 674833
68560 68658
919527 919454
454865 454803
415090 415136
351470 351495
237950 237974
408532 408583
718850 718753
214563 214662
998102 998052
647425 647355
652695 652774
349085 349092
111274 111264
223282 223206
19039 19014
111283 111260
169301 169353
380604 380641
142924 143020
201326 201340
244729 244669
71343 71383
48912 48880
86515 86480
69828 69891
911015 911074
119676 119593
979303 979299
685653 685718
18496 18448
317635 317536
900835 900883
267616 267704
436014 435957
111110 111125
157177 157164
718184 718197
642268 642329
198519 198615
435268 435265
476814 476811
898821 898822
819345 819338
202265 202269
218035 218039
923035 923031
494408 494415
650065 650074
890885 890882
345163 345165
516304 516310
355573 355563
339459 339463
18382 18386
89475 89480
574768 574767
217596 217604
312204 312198
205323 205317
642366 642361
773458 773466
189956 189952
246790 246785
267863 267866
457859 457853
147755 147752
93119 93122
450870 450864
688365 688357
102202 102201
791571 791573
167248 167255
166885 166876
757817 757825
193658 193662
71466 71457
787608 787606
634335 634325
524241 524238
936907 936899
813922 813920
928955 928955
459954 459960
532270 532278
826883 826881
372929 372938
288851 288847
874389 874399
953475 953475
