7347 1625
19451 3412
19655 20145
37351 26206
37634 49757
46838 55054
64042 59340
76634 69272
74841 79661
98799 96873
108977 96868
119138 109133
125396 122382
125919 134447
146382 130140
155353 158714
162136 152937
174656 169374
185288 173710
193850 183336
196048 194632
216042 215200
228773 217245
222570 231503
238981 240146
244172 259131
256136 257318
272281 271674
272088 279761
295533 286114
297542 305908
305782 304097
319755 312109
325179 326980
333430 343519
341291 341894
353795 357871
360746 377257
375935 389786
383603 380522
397667 401776
400360 418307
414597 429466
421495 439743
445483 433309
445419 457419
453608 456719
474896 467260
475581 481520
484290 488511
492889 505537
500357 518131
523402 524323
527918 520063
530236 539262
548309 549149
563483 557670
563379 561955
586816 577015
590655 592272
595274 594995
616374 607801
623280 620000
622189 636297
632595 632324
658702 654466
658740 665519
664355 670871
681470 679428
681707 685388
709895 701615
704895 712019
716117 722423
721723 729329
732582 740222
751854 753308
767839 768206
768540 771230
772964 771726
785502 791784
806625 806099
812895 816792
820697 828807
836644 822849
840164 847123
854008 857406
861281 852484
864890 863178
880103 886270
893178 887115
909880 898208
915335 905863
910264 918165
924458 928204
933889 944947
957226 956881
956610 961520
978419 967098
976499 975111
993088 987064