1 10
100 200
201 210
900 1000
10 1
30 45
100 300
45 60
120 300
535 207
788 907
988 842
428 742
40 656
245 298
422 658
641 229
476 442
796 740
225 657
999 400
24 425
219 959
688 386
423 298
764 341
927 954
124 481
382 766
29 770
383 42
242 895
366 73
376 208
739 831
162 34
288 544
185 922
602 98
252 318
347 764
345 863
560 245
404 721
214 423
534 871
594 76
198 323
489 322
657 717
403 996
260 742
655 482
15 400
965 306
665 501
613 24
596 183
50 764
265 813
404 602
967 54
677 524
660 66
587 926
782 16
471 157
900 120
408 68
461 851
236 530
852 49
49 58
777 871
724 321
824 297
625 586
80 319
72 683
107 340
873 462
622 957
530 341
223 303
276 780
428 765
903 926
362 709
388 624
224 907
172 70
419 818
544 518
951 221
306 780
315 235
524 461
287 527
994 438
20 45