19373 960299
304995 904692
393693 734842
330648 327141
307853 514998
354803 432344
179982 125934
305876 23933
30040 473426
219465 245144
171675 210474
253531 338034
932219 208623
478387 631584
426636 680596
203295 212440
406756 66546
624406 165609
7728 340833
911366 58909
136321 468870
564148 985790
996351 450609
211684 107772
61116 597465
1 1
5 5
954048 761068
206293 576529
451590 712561
858334 983913
253127 573059
462307 350578
900318 132938
4479 22174
281326 612684
834771 666268
637480 31305
710914 967180
693312 336966
35395 188684
904546 460742
98539 574928
254208 996929
467434 905050
883226 650627
129946 550944
655607 499100
141855 77989
133133 159819
98682 519
93055 871
60646 996
85442 451
35372 263
17812 734
14205 601
47976 980
43712 250
94897 91
19610 251
77797 309
14446 157
77911 451
76693 733
10916 865
46611 993
6644 836
49234 580
97584 378
95397 429
44606 601
31913 129
16177 997
91527 654
6100 5335
21892 22478
26163 24582
9380 9321
1044 754
24600 25925
13361 11476
25824 24842
27456 26950
15028 14627
15715 13930
2016 2982
28083 29618
8170 6321
24843 25457
37560 39204
39442 40840
4536 3861
1290 1798
10912 10349
15885 14859
1150 1527
4277 6086
35280 36587
47628 48806