1 1
1 999999
50 6
27 54
44 72
88 59
5 95
56 9
86 3
25 53
80 32
67 49
31 36
97 16
70 92
53 46
66 95
100 49
78 25
21 61
14 12
38 31
727 906
806 723
871 752
399 701
569 382
553 665
911 293
168 502
592 899
811 630
839 343
623 633
853 855
498 295
599 235
499 721
133 194
260 526
661 533
314 862
3774 3183
7699 7387
8549 2673
6927 2330
9592 9295
3825 3226
7711 5919
3214 2824
9944 8860
7654 5625
9112 9444
4120 3366
8713 8817
6170 3386
3985 3113
3307 5129
3295 3624
7732 8114
2176 5080
4728 2511
319278 280513
288499 248320
330191 386355
279751 231087
375159 324420
218108 370204
274537 225343
325025 368568
345805 242269
362593 393920
568422 422199
504206 487155
523134 560889
595424 590875
464856 468182
547265 463127
427067 469651
575851 489686
486200 461114
525081 472815
660367 626299
626390 791775
752482 708598
635877 627447
610350 759899
690283 630084
770630 717274
793586 664593
621688 674279
775593 778185
985924 847223
941719 842688
988121 984136
953804 889765
949186 876899
993087 885331
876365 833400
910386 981654
