8 8
4 10
8 5
10 1
6 5
1 10
9 999999
2 7
2 1
10 9
80 83
74 50
40 51
68 3
47 74
89 70
69 52
34 18
46 22
54 4
937 707
397 292
827 238
939 597
938 402
930 63
2 70
387 974
417 404
782 814
3756 6078
9738 6804
9862 806
382 1067
8542 8028
5170 2178
1725 5365
2091 5449
9928 3485
4011 5698
42933 40638
46628 50413
51760 85376
44724 61502
73160 2928
73278 5121
2483 54564
44505 7075
16429 49735
72488 63150
72 3212
11 8684
77 5641
35 4843
73 8623
2 7145
8 8675
97 5902
25 6064
3 2618
2 97080
1 99831
6 73524
10 81423
5 29510
10 75401
5 18947
10 75258
5 47222
7 68118 
5 867252
1 877765
4 378975
6 231572
5 292227
6 547476
8 859191
8 542040
1 204551
3 889075
708443 362
583948 542
369421 862
817000 382
363127 432222
673109 362222
589640 522
772486 872
416887 902
827259 592
708 7738
583 8943
369 9754
817 7418
363 6076
673 3127
589 6843
772 7202
416 6965
827 2278