244034 857814
351125 173395
767834 925836
298571 667916
562870 154241
730178 384803
62952 446713
868024 91933
397526 623566
853188 30036
372748 532915
91675 229941
839524 210866
761470 52284
264225 521886
25011 959218
845619 627017
976753 249615
626441 758409
917273 750261
607036 300009
270976 994836
740132 157782
198445 571971
198560 842214
942916 575517
337536 825134
898450 519456
145 91418
674325 467758
88040 293337
312631 387876
401191 830359
276413 612053
730046 722087
7256 266170
622068 525304
163342 204236
679463 72811
157800 527647
51345 843349
256573 443003
191372 335772
951079 923822
128233 910842
700100 639309
257818 563557
60503 734408
604583 691800
20798 61774
937410 433947
41235 785941
205213 911892
900209 589981
885817 848035
234160 427622
152526 228775
212768 891869
701191 308221
225900 27875
729792 985220
97852 196766
846913 36866
784613 442055
730747 315996
154586 23456
421621 393509
683699 265807
146135 236507
403152 274063
984093 991913
303629 852345
624395 101367
959588 143332
358607 326406
875752 672749
543214 607110
347299 122964
532510 174628
821786 855800
724629 867059
991000 116746
281439 998879
805902 55922
121690 100461
224788 642739
748629 100651
706680 610370
79012 846290
357822 630512
824983 598203
364380 897094
523607 947007
332378 342368
64961 206284
285293 541427
984448 697283
588224 990515
136971 958193
47020 730521
