30887 89384
36916 92778
38336 47794
60493 85387
41422 16650
90028 2363
20060 68691
13927 97764
83427 80541
55737 89173
95369 5212
56430 2568
21531 65783
65124 22863
3136 74068
79803 13930
23059 34023
98168 33070
18457 61394
78043 75012
77374 76230
44920 84422
98538 13785
94325 75199
64371 98316
3527 66414
68981 76092
41874 59957
99171 6863
97282 6997
20926 2306
36328 77085
26506 60337
21730 50847
25858 61314
53896 16125
546 19583
33368 98815
90365 15435
13751 44044
26809 71088
47179 17277
93585 95789
2652 5404
12400 92755
95061 99933
93369 49677
10013 47740
98587 36227
97540 48095
80571 40796
60379 51435
66602 97468
12903 10098
70493 73318
60757 26653
60281 97302
9442 24287
29690 53866
46620 28445
44730 58441
8118 58032
5772 38098
90676 34482
98928 20710
77857 4568
72354 79498
76966 54587
64684 55307
28625 6220
32872 51529
48830 5733
30020 9504
63369 58271
86716 59709
18150 26341
724 47797
2246 42619
93452 22847
43556 92922
97489 92380
88229 37765
92351 69842
41501 65194
87765 57035
24915 70125
75857 36988
46492 73744
48366 22228
81937 9860
52552 51433
99229 16438
75408 53276
76122 1475
94396 68859
61238 36030
73794 8236
94429 65819
31012 66144
39530 35929