73626 74908
769126 773157
216389 220288
702910 704489
460776 465031
739726 742145
75156 78812
603708 608319
276781 277322
268001 268848
76393 79860
58068 59602
741367 746236
869985 872133
479612 481181
177561 182252
303416 305000
803203 806072
129095 130889
78256 82297
708484 710680
361901 363972
754888 755999
495313 499090
564240 568838
528693 531526
413053 416337
462339 464644
47540 49595
117607 121418
589733 593578
178723 180936
929641 932466
393535 396359
24837 25287
96925 97947
328140 331933
893483 893536
297312 300205
854257 857053
799129 801765
432074 433563
162686 162934
865583 869308
25647 28738
617391 620260
186790 191255
367163 370889
72018 75531
234013 238208
200163 204514
464329 466767
194020 196597
437260 437269
341889 344541
378145 378936
966058 966188
16546 17855
88528 88706
680860 685850
950029 953778
274299 274570
605984 610496
653796 657820
279573 283256
540002 542438
766851 767599
811831 816628
185455 185520
609364 612018
404559 406735
807717 807788
851048 855501
161795 162986
751192 751392
515597 517238
311088 312215
501265 503222
11833 12248
414499 415068
717080 717747
848464 852804
323724 326595
836653 839021
321747 326247
699784 703497
117868 120139
642496 645358
202808 206616
444017 447364
104122 108590
120903 125479
48125 49221
554420 555742
783125 786280
134780 137904
416509 421339
880109 882055
460256 464074
397933 400606
