1 10
100 200
201 210
900 1000
2 18
662 59312
5 5
6 5
4 38
5660 2
442 7845
8052 2
7819 142
335 9301
2 7114
761 8267
888 3763
9240 2
2 5022
1505 473
559 5759
3798 16
518 5771
3 9272
5 3346
1 6772
22 8138
9170 5
115 9477
9490 12
6879 331
1 9488
34 9307
1481 144
877 677
3 5684
841 2461
344 6937
4 3634
4 6378
3890 7
273 6867
7 1262
3709 707
8536 2
615 1999
3932 1
2 2508
1784 7
5456 1
3 4166
9910 2
134 1757
855 708
2 9244
1 3030
764 2
4762 24
285 3205
8813 440
3797 993
571 5703
85 8189
7414 2
198 7457
416 1757
6242 2
9515 446
547 947
457 4789
4266 3
9845 124
2035 79
7 1772
8003 201
9641 883
1538 4
704 5
4379 78
5189 188
548 4651
1104 3
857 961
3688 25
6 3648
4 2356
2 8478
4 3082
341 2951
58 2536
4 4636
8 958
5 2192
2754 6
6634 1
995 9529
9173 180
1764 10
8514 1
3652 1