1 10
100 200
201 210
900 1000
1 1
5000 10000
10000 5000
1 999999
999999 1
100000 100100
99 150
160 70
123456 456789
137483 234856
5069 3827
19234 28374
50854 28345
234 890
7689 1236
1 2
999999 900000
666 777
1216 515
62 71
84612 4885
6000 8000
90000 100000
200000 500000
40606060 707070
401 1000
15951 75357
4862 2684
7894 1234
9563 4215
748 523
451 425
999 1000
84516 24356
79461 31647
54683 94512
7004 9018
9018 7895
2122 6137
95595 44890
713 281
4094 4756
43146 45023
37536 36057
143374 143644
123070 123320
148200 146961
512 907
78746 78733
689386 218912
8765 4364
932923 392491
165888 346979
722 818
624 866
711 238
40000 50000
50000 60000
60000 70000
70000 80000
80000 90000
90000 100000
500000 999999
7000 5000
3870 4766
31856 30882
5355 3431
13188 12476
12324 12139
32754 31193
99 1
51 25
800 201
9876 5432
9514 7532
46798 98523
4783 87
21466 38495
51592 1792
1337 7331
8008 135
77778 54444
25368 54251
54789 21453
9191 8484
7523 4251
64 754
1992 2015
68693 74258
54 53
78 1
6895 1245
74856 52410
652 485
68693 57582
8792 5613