86894 37190
81715 1490
51589 70266
51019 56403
56672 86609
1202 36912
66750 27147
91642 74054
1965 46536
88726 67100
17071 2574
63301 79179
61590 81829
99894 79157
15108 16445
75422 16716
53215 24441
64926 29842
13327 13968
28650 97241
55833 23717
73884 56840
62809 60181
9645 1969
75160 16219
46392 47981
37562 2891
96792 63055
92174 50833
6294 21508
72306 1826
44890 68976
95478 12148
2595 80626
18683 97820
11263 93066
11742 71758
28841 28086
66957 20821
10743 77981
77001 60075
17872 21122
77940 17064
79821 69580
67596 29818
79195 61519
2004 48076
53829 98668
59458 48489
85133 52349
73575 46785
15421 80097
27016 1022
48157 20585
36032 8244
79344 38368
37787 93146
45699 893
7432 98102
99482 98035
36774 59712
25935 74157
27577 98238
67554 47029
43512 38258
93275 6798
50750 9826
36711 94617
13220 31654
20312 41503
45947 55084
62230 70340
66505 71401
42734 9455
57467 2720
2744 7422
92016 91133
71382 96219
4590 70393
35063 25279
66724 65421
80014 60711
14447 57925
56210 78300
63387 4926
15028 57821
80546 25203
78847 79033
78019 8453
73074 88632
45127 17105
64371 99316
24572 13959
33596 46067
5794 70727
740 91570
84926 65625
72119 50903
18196 78907
99628 97022