44 1381
1876 452
600 854
2396 1900
165 391
3186 2144
1582 1
4064 4289
207 539
6350 8290
3113 3075
11124 9886
9919 7988
2170 1409
60 1770
4448 5383
13634 14594
9270 8540
16321 17917
10840 9961
18774 19142
17204 18275
7636 5905
13080 14121
19825 21611
21164 22234
21330 22491
21448 20830
17516 18805
23280 21804
15624 16642
29728 27973
28281 27264
19210 20194
28700 28874
17100 16200
17908 19201
4028 3014
35490 34054
30080 28304
2665 3817
4788 5640
3870 4766
31856 30882
5355 3431
4094 4756
43146 45023
37536 36057
45913 46976
32800 31439
46359 46742
29172 30967
44944 43760
49302 48257
23430 25165
20664 22553
32832 32749
754 896
15163 13326
46620 45274
7991 7429
45198 46835
49707 51304
43136 42195
2470 1190
20196 21110
49915 48562
39440 40456
63756 63214
35070 34714
62835 62209
9648 9716
69715 68602
49506 49188
50475 49964
64600 64684
3619 5078
56160 54832
78289 78087
45120 44823
44145 44713
1066 287
24319 23241
81648 81550
57375 58268
32336 31335
56811 56330
62832 63226
2225 3630
69930 70958
24024 24011
71116 69840
64356 65110
72380 70982
8170 7745
43872 44641
10767 10502
23716 22442
37521 37155
75500 76779
63832 62886
67830 69417
74984 75931
8216 9259
74550 74357
8692 9447
95337 93811
105192 103214
66163 67590
1430 143
57498 57531
8960 10012
56161 54990
90288 91582
85560 86912
16356 17891
103077 103426
68440 69156
17493 17991
60720 60246
54934 53614
62708 63551
35793 35035
75268 73604
46000 45500
2898 1733
90678 90014
54400 54248
12255 12169
41340 39346
1834 2030
130680 130794
15694 15716
62310 62721
113670 114212
54536 55326
98914 99685
74106 75929
57268 57260
100940 99348
119004 120896
61060 61723
49907 48116
88704 87956
46110 46534
29492 27688
9555 9760
133200 135051
137676 137165
41550 41605
25670 25425
61104 60168
55998 55620
143374 143644
123070 123320
148200 146961
13188 12476
12324 12139
32754 31193
12320 13830
142968 141688
112752 113391
112144 113045
40508 41558
112860 113119
112216 111336
38076 37799
110376 108696
144833 146357
121380 119414
96957 96863
84280 82411
25085 25005
65772 66062
45150 44679
117216 118777
113988 112868
155572 153725
160026 159466
176220 177805
82717 80943
7280 6240
104859 105932
160080 161531
158175 156456
43524 45481
48433 47296
68620 68152
47628 49236
22800 22509
156429 157327
160704 162315
38600 36639
18042 16417
190515 192407
86436 87417
191090 191977
84546 85681
156613 158486
59400 60929
185523 185648
200788 199250
29841 28894
105060 106407
185935 185587
173452 174979
165807 166004
46384 44910
68761 68035
83790 82901
55282 56611
60632 61102
5751 5985
80464 82169
202315 200500
103680 105029
105896 106290
197508 197967
203013 201937
78100 76553
88400 89131
99900 100479
152755 150837
96992 96028
146475 148410
50398 49068
196582 197333
35112 33387
15572 15008
33810 33330
45045 45458
33872 35758
137237 136235
79560 81437
49820 48794
137116 136374
233208 232471
134232 134215
10994 10831
54720 53176
162193 160657
239580 238174
158436 156659
218380 219770
202370 200909
223368 224680
30381 30847
247256 248708
231570 231658
157250 156407
107679 107085
171108 170523
128777 128862
177800 178441
135405 133509
144896 144402
35209 35224
166668 167205
22792 22338
110240 110575
157122 156421
97726 96030
110460 108913
186384 187586
33390 34031
109060 110170
222945 223021
130784 129237
110021 109972
43740 43233
239564 238956
94384 95408
1911 1679
186320 186656
52525 52586
108468 108178
196116 195424
141502 140837
55242 55240
154280 154359
69969 70526
78678 80254
28583 27300
251056 250320
49590 48875
75504 74890
80647 80837
230400 228672
176290 177204
181250 180639
81480 81937
11096 11415
51568 51095
22932 24091
104430 103573
212824 213185
1188 2370
168370 169680
233818 233380
115800 116420
181503 182288
228916 229314
158166 159302
277856 277012
141520 142368
41922 42536
20262 19864
186956 187830
220626 220755
62930 63401
276479 275156
51168 51789
93900 95547
125286 125298
256095 254503
283452 283314
284666 285693
203838 204474
195228 194546
313920 313152
180402 179281
311052 309620
18734 16863
173340 171800
40950 39331
211248 209552
283509 281970
84952 86841
106925 107543
269940 270992
304520 306076
331004 330355
19647 21112
105544 103726
175205 173575
197232 197424
101437 102149
51714 53570
196620 195510
293760 293490
187550 189449
234270 234796
94668 95762
149640 149665
278415 276791
297560 297007
200219 198667
45240 47032
236273 235546
66850 68235
209196 210546
143616 143183
4942 6879
246030 245095
33725 34463
174440 176102
43554 45407
143558 142415
210733 212517
139320 137450
229235 227776
149868 150225
60621 59732
53144 54196
342005 343624
211914 210841
314519 313228
345920 347802
168633 167160
292300 292716
139867 141860
351540 352325
232379 231229
254694 253105
185625 184867
44744 45488
267670 267466
170100 172007
101193 101660
77520 79483
186690 188343
82512 80607
347764 347503
338688 339048
229845 229845
329644 330677
287541 287082
382568 382544
287082 288347
26130 27670
345644 344671
240688 242083
295143 293817
261222 261851
278080 278606
310464 310599
93295 91817
193428 194109
381843 381265
8400 8887
221352 221482
341700 340461
191828 190010
378952 380449
298485 299694
249690 251562
365079 365316
6936 8109
70757 70843
152520 154143
181662 181292
11124 11791
176351 176473
21528 20358
146910 146338
55328 56879
308163 309291
404624 406272
358245 357670
190260 188849
22734 23661
84822 86442
373086 371888
299768 300668
42500 43172
145692 144738
422730 424024
255088 255631
188760 188189
181460 180193
133179 131194
242352 243486
308729 306826
423150 421553
83520 84029
148240 148562
368391 368649
141912 143906
332323 333091
128480 126486
67914 68689
436254 435766
430596 431065
87024 85364
406730 407896
250206 249835
183717 184333
242368 243925
366384 366745
322650 324097
81631 83371
297416 298759
355605 354899
54480 53550
30485 29295
438672 438527
19651 19705
172208 172008
255663 256562
169280 170714
47944 49656
206514 205954
224092 223284
196272 196403
366420 365282
252572 253051
64446 65967
35100 34777
237783 236892
188940 188707
154017 153775
75992 75851
158455 156544
174906 175513
288325 287739
19516 17715
153594 152321
431634 432862
329552 329006
193920 192870
99086 97831
355234 353345
239085 238784
390104 391425
98940 98737
78732 80296
188956 190151
262056 262771
410760 412459
304780 302849
143372 141696
134808 135728
432361 433545
63726 63511
27720 26485
292144 290848
133693 134911
96114 95672
293412 294374
223000 223828
125250 127095
289654 290892
147379 148885
97272 98104
361075 360768
374946 373262
107484 105913
133604 132099
321179 321353
95880 97410
292803 293354
49152 49900
275994 276531
514 120
62830 62748
351912 352556
355696 356720
286454 286967
148953 148985
88400 87622
177661 178890
60552 60214
309093 307253
166108 164233
89775 88752
63646 65077
477989 476440
156816 156566
186208 186919
439370 438203
218772 217958
449008 447920
63427 62518
34176 32291
400715 402033
346792 345128
227688 228168
115132 116232
360052 358711
286200 288045
524770 524237
173982 173295
136293 135764
171360 170958
497585 497278
292110 290925
449634 450982
101380 101669
492453 493847
205150 205304
87058 86382
405168 403965
404243 405102
146810 146694
487845 487649
156792 156283
444486 444042
210366 208874
251550 251471
238000 236017
463947 465937
280438 280593
423376 421540
50760 50369
527710 526600
419406 420657
143451 145296
550960 551686
315226 315226
408690 408011
115913 114631
21164 19438
210291 210251
443128 442583
353625 354327
407232 406856
564306 565035
395352 393611
182385 181747
51040 51664
381717 382999
316026 315121
70543 71324
43800 41965
436995 437574
379728 379876
125031 124793
24696 24858
405232 404739
525690 524382
166662 165446
242128 243036
351056 350580
310662 309516
207060 206998
393956 394110
573120 574003
14950 13376
31747 30487
402000 400442
185709 185279
254044 254751
299691 299225
285692 287291
228690 226945
108474 108871
427328 425330
364192 364537
504861 506722
23790 24708
472914 472555
548352 546522
1226 2186
236390 235851
364695 363987
299376 299475
249268 247811
45114 43634
485915 485285
517700 518619
68931 67827
605206 604368
74137 75956
331968 333484
188750 190702
619740 620007
447678 445681
454672 456649
562955 563046
473760 474727
583675 583403
479688 479153
306372 307288
562992 563312
573405 571643
40704 41028
18473 18889
410872 409942
51759 50685
236800 235077
469853 469196
31458 30170
321500 323362
381248 379288
341850 340010
430236 428264
247801 249521
43416 42919
388751 387921
374400 376129
606081 606108
437492 438295
143007 144113
43818 45341
358285 359829
595648 597602
568962 569199
115150 113627
280075 279069
56100 56589
238621 240403
215150 216191
531726 531455
366528 365906
136990 136373
194472 193250
270135 272089
537740 537334
349887 350204
419420 420930
28853 29645
79968 78596
164212 162765
320824 319386
659475 660995
629356 627655
573419 573616
3390 2806
489559 487811
138040 136309
576126 578064
178684 177733
286860 288008
231192 232405
493200 493750
502152 500779
396399 396317
310976 309683
560157 559446
454710 452748
263962 264693
16608 16521
285516 287442
567692 565952
111895 111614
695304 695947
13243 15102
44672 45455
475320 474572
407400 408507
511029 511389
465426 466811
672771 674613
95744 94313
365895 366295
198386 197151
586810 588397
686052 685245
220499 218990
226490 227457
15642 17463
438592 440155
74152 75331
103530 102891
145860 144757
277808 276079
578619 580087
221144 219650
565853 564646
234000 235031
570311 572031
86640 87131
656484 656422
367068 366523
674975 675425
37752 35785
118501 117286
18928 17411
139968 139176
25550 27124
218569 216964
30744 29441
469120 469138
563712 562010
193305 194432
315744 314609
514426 516202
602946 603049
46557 46546
122100 120964
157833 158333
411068 412964
134483 133265
104904 103370
556515 558305
78330 77773
670806 671298
228140 226334
73402 72826
303000 303140
218541 216665
555728 555724
28614 30122
402636 402574
61155 59917
706860 706758
473125 474978
198596 199832
643632 642379
519080 519386
486279 486430
34290 35033
82404 84052
70288 71915
190485 190074
180010 178365
525395 524164
370944 369635
420643 421229
743820 744320
525051 525447
80288 79178
470757 469516
543348 542674
654875 654326
665032 665512
766122 768000
522038 520044
328738 328639
620880 622359
695090 696091
147798 149184
688257 687852
598976 600013
324205 323215
45588 43883
324244 324165
615428 616813
572814 572182
96380 95263
767270 768698
169488 167857
356057 355440
413674 412100
599430 600027
352628 353396
609705 609363
103740 102174
536129 536620
690400 690054
495819 496787
690522 690440
244112 245391
707520 706146
682640 683112
298220 299788
246135 246425
626200 625478
106788 105189
643950 643120
32440 33856
333732 334114
268290 270072
473748 475153
662595 664118
314976 315513
726313 726236
364828 365411
226863 228350
654360 655983
705239 705542
6576 6909
437836 439346
5768 6268
63525 64585
598850 600722
774072 776008
485208 484087
590248 588902
671470 673470
57339 57522
755456 756905
573104 573132
768114 768960
151135 151539
352792 353014
713961 713374
708948 710721
190453 191804
793800 794792
245572 243785
248390 249729
351531 350113
834716 836320
478270 476431
464454 463594
468391 469599
597840 598449
399879 399075
595850 595622
208495 210133
243672 242829
361672 363389
75152 73191
353115 353165
580368 580199
290523 290810
554268 554811
169223 170529
200380 199222
274659 275365
55168 55163
810357 810658
795744 795505
69200 67604
283182 282876
183804 182137
864528 863792
457094 458365
806490 808131
230815 230700
163064 164898
494991 495855
684342 683077
107625 106502
219000 218731
120149 119428
48290 47185
620574 621782
830720 829707
725944 727870
143766 145347
696687 695714
446420 444710
35400 36946
146190 146395
96683 95618
199800 200975
291592 289763
380030 381386
540837 541577
99904 101832
225036 223695
427332 427357
366950 365556
275072 275412
673647 674755
132006 132444
762352 764153
40500 39915
812702 814242
313896 313908
381969 380312
469176 467440
310415 310228
759228 759330
190470 189399
456724 456345
179073 178709
593320 591458
119341 117855
673056 672328
398068 398872
41130 42973
864675 866660
463496 465196
274183 274263
599454 598037
144283 142704
650440 648705
540627 539158
198230 196859
395967 397121
701316 702623
862100 863891
736170 735367
890847 889708
431520 430073
444062 442298
699360 698677
643321 643885
193856 192912
647502 646405
518370 517449
666655 665669
460512 459494
267982 266939
708190 706879
846039 846290
86480 88047
866661 865843
881712 881501
341366 340518
898688 897526
895860 896542
556248 556627
383535 383611
648432 646436
686127 684201
143450 141502
407979 409898
921536 921694
397401 397293
580986 579604
573955 574427
815468 815396
320595 320408
695508 696556
449771 450717
288960 290753
221991 223314
830206 828230
146376 148118
457900 457442
297220 296917
256956 256191
20307 19008
821832 823708
62985 61659
148410 150045
170896 169603
399492 397842
296765 296526
758746 758335
684450 685183
89792 88640
757175 755461
954528 955200
769494 771007
605640 606412
844641 844144
436990 435351
450214 449345
503808 505405
279740 280140
190298 191949
106596 107883
578968 578745
264063 262086
664290 663686
660006 658184
23808 22565
925476 924091
745500 746490
214920 214005
139440 141078
590224 589710
811374 811071
635364 635337
810000 809471
