1 1
5 5
954048 761068
206293 576529
451590 712561
858334 983913
253127 573059
462307 350578
900318 132938
4479 22174
281326 612684
834771 666268
637480 31305
710914 967180
693312 336966
35395 188684
904546 460742
98539 574928
254208 996929
467434 905050
883226 650627
129946 550944
655607 499100
141855 77989
133133 159819
481627 469159
310983 364930
728198 426691
17720 524144
635104 484035
47670 378092
90015 588324
115330 560031
311543 693917
293367 123221
29984 412031
811356 423512
905066 600167
199605 347371
508640 821445
969874 777440
538036 196473
377306 283573
766492 711090
319138 359794
343025 112014
184120 122227
264427 962537
157155 120352
940406 181703
635110 215528
830566 714601
180808 264920
219870 485797
400396 900639
520290 565840
241666 247152
843397 505108
376400 523286
267543 700962
91744 406271
28514 814554
384193 740592
890826 331029
120818 820751
976994 527755
14356 967264
526288 180397
188921 586702
239223 843500
635159 932901
504315 923795
960093 143182
580586 943399
541973 752783
292060 749869
4981 515713
231335 866598
338460 445039
113612 286018
966395 989654
905661 343069
924850 662172
558853 623416
645664 799991
958097 648492
82630 319288
412486 619541
170787 203571
843410 995778
11969 571466
227390 527209
76359 396104
290626 414654
268194 361343
870121 632161
843334 792579
329085 997514
272759 527311
788549 481741
