1 10
100 200
201 210
900 1000
1 1
50 100
5 63
30 49
50 1000
101 101
400 705
512 512
512 513
1 1000
20 10
70 1001
700000 999999
800000 999999
900000 999999
999998 999999
76 85
92 10000
12 24
999999 999999
5000 6000
350000 650000
999999 1
123456 234567
345678 456789
456789 567891
567891 678912
678912 789123
789123 890123
89123 901234
123879 234879
92384 9188
1234 2345
2345 3456
3456 4567
4567 5678
6789 7890
4321 5432
6543 7654
678 123
7890 1234
12345 6789
20384 30458
12 90
123 890
1234 7890
12345 67890
21 98
321 987
4321 9876
135 689
1 999999
12 999998
123 999997
1234 999996
12345 999995
54321 555555
4321 555554
321 555553
21 555552
1 555551
98723 234
98756 56748
5498 4789
1 5
10 999999
100 999999
1000 999999
10000 999999
100000 999999
999999 500000
999999 50000
999999 5000
999999 500
999999 50
999999 5
583993 829738
238374 399299
848475 298374
239874 098543
232393 298292
45 98
2929 494949
1993 1995
29347 35948
123098 234987
348587 890432
123678 890435
987432 876432
123678 876469
1237 23478
23098 3879
12984 9873
9875 2987
84849 66694
29837 98734
