1 10
100 200
201 210
900 1000
1 1
999999 999999
999000 999999
998000 999000
997000 998000
996000 997000
995000 996000
994000 995000
993000 994000
992000 993000
991000 992000
990000 991000
900000 999999
800000 900000
700000 800000
600000 700000
500000 600000
400000 500000
300000 400000
200000 300000
100000 200000
0 100000
52119 604814
449566 847996
741540 5947
320378 41843
22593 89368
93736 28978
68949 84346
26919 28830
23842 45567
93600 54817
50934 87372
40296 50905
26355 36464
68182 65447
23448 92915
77069 3956
11664 66244
36084 17500
59935 62066
63092 50522
22086 1602
52368 61457
34675 53663
63158 59703
76096 46737
70599 73276
19886 7405
84783 72936
64840 40549
63846 30590
39941 26706
82546 82495
62978 62356
69106 1034
78397 10115
89960 52803
12073 57470
44600 35297
58541 5126
30807 39615
59718 18955
54392 82474
43151 83215
86901 87175
62619 86895
19794 70283
24189 59928
24245 8397
86813 51506
1990 17738
98115 8836
4501 78171
63254 71404
5358 72855
47533 43210
33759 94865
81943 43381
15924 92965
74859 64226
25544 90093
32829 84998
14403 10214
58748 99526
80012 91837
26653 16330
28292 49823
28930 80980
6298 71001
53983 52188
12456 93702
80211 35459
39952 26467
65596 41161
72663 6978
