534 497985
28745 119497
41745 145333
77602 382696
88156 358121
111939 87698
127399 386402
144400 411391
167940 154988
190349 731791
213582 871600
237180 790161
253901 192368
270863 888099
284925 389380
309462 677566
338011 12215
343933 853136
368270 242377
391327 470957
408241 997230
434871 722407
443228 18620
474362 749078
496227 461436
500010 722648
524681 568019
549727 173453
571335 910974
580447 614692
606851 17943
637428 915506
650187 261862
665145 93746
690010 259868
715718 646090
720525 691368
747749 227496
778548 253722
786147 403100
815213 884048
833161 414211
847443 468594
878561 919884
899974 845533
914267 343384
929114 313612
946229 96146
968134 512871
990346 560770
25129 563793
38897 803991
353108 750178
367909 560931
697055 527711
212646 287021
21760 464106
311085 947144
323251 98468
528736 764648
542032 587738
41430 996236
918224 295353
373837 200504
972003 168845
859284 729937
142650 102221
312455 30165
206235 213426
361263 370337
953895 942645
980693 226356
991953 819676
249304 334392
316280 317771
397133 912523
115088 317438
135477 761533
318281 667
761454 699616
278841 259151
55350 860029
877885 544683
152828 228170
757886 349104
262214 733930
315252 374155
173217 839096
520220 696016
416714 259127
393925 373226
592443 784307
212925 753959
949021 155722
408745 887993
802796 115486
394947 245521
390680 497184
607897 707839
844497 360255
