19373 960299
304995 904692
393693 734842
330648 327141
307853 514998
354803 432344
179982 125934
305876 23933
30040 473426
219465 245144
171675 210474
253531 338034
932219 208623
478387 631584
426636 680596
203295 212440
406756 66546
624406 165609
7728 340833
911366 58909
136321 468870
564148 985790
996351 450609
211684 107772
61116 597465
432446 11611
936769 586034
286492 291778
865507 654095
740871 578818
188209 367894
108163 238912
464601 70584
762332 580215
113200 811363
48113 872212
181033 823731
418324 448380
22404 233209
770133 655702
550856 803156
929408 153631
15166 716393
168846 52729
187772 847775
682666 123516
359427 621414
910993 71425
128953 746001
948939 813134
187401 654850
424564 324673
56080 906582
787277 180350
879695 900893
383724 781864
398455 516514
980641 426137
897876 883909
152497 286237
777474 298399
329807 715924
8653 3070
225437 999637
515114 513935
514721 767360
879459 75066
912260 188071
449629 611512
888231 326085
686062 215503
875011 494440
291987 578093
984151 62335
772386 677686
10688 589614
75064 803582
775649 643320
294362 354600
717813 71827
314869 676656
135627 332676
41267 647241
482325 936654
649207 144209
226537 276690
306785 642629
895089 850736
690792 697052
450301 774986
644004 523701
7444 705660
784461 18308
546086 997349
603066 67321
609335 182418
528396 911357
957458 658077
356080 608826
959928 594355
