91545 60447
69577 62904
57203 72041
20752 50023
18383 45968
91907 91137
10419 74256
27208 52199
24185 45657
81137 14203
72752 29326
37881 83455
2179 82009
11363 73910
9846 25157
58892 16995
12855 62367
57516 11772
40281 54367
49272 64413
88097 99755
94869 5944
83770 60781
92476 57039
8926 31022
13216 86474
13332 65099
30917 30370
71814 14142
69725 18790
69472 80654
99578 1476
31110 6840
15537 97447
77372 29830
45490 83926
5356 61283
22220 13220
39075 20604
99839 16950
26285 91917
50792 76294
93807 51418
84082 85657
14123 43394
78672 54840
60917 33050
90432 83869
72279 92385
9506 95152
98271 55538
66621 71591
79910 74502
75692 33250
98515 40363
63859 71425
7897 92164
2613 97698
85719 18333
47906 31621
35999 34777
26704 62510
47416 12553
23440 9091
93030 29526
74989 65542
26243 62472
59500 76876
78121 32365
42458 19082
44198 78647
14876 4682
9671 69788
73047 26845
4105 13581
54341 46717
9993 86300
76121 94765
28655 38834
78019 78621
56482 90893
98818 3518
41418 48237
7989 36480
21939 71773
69008 31705
54941 91272
48782 43344
7836 83975
47855 41798
10823 23743
83421 93034
5000 53587
53628 9808
31786 96768
39183 69401
20732 91647
79710 3513
26115 34433
6364 32832