1 1
2 1
3 1
2 1
3 1
1 10
10 1
588211 588213
300004 300019
990505 990479
727188 727165
432865 432895
498232 498207
401702 401660
71355 71323
358224 358250
335919 335924
654398 654507
741302 741292
867599 867716
826233 826349
830787 830876
222433 222492
665736 665889
712189 712327
16854 16776
596082 595945
116063 115959
749771 749866
55709 55795
203271 203035
198278 198067
144655 144659
499686 499550
119831 119745
642300 642168
257185 256900
908692 908580
972380 972272
483110 482787
786229 786089
636815 637099
871409 871420
44499 44510
52282 52346
313593 313485
443850 443621
883919 883640
578247 578022
328792 328924
134543 134493
533500 533831
258042 258023
818399 818500
427105 426764
6859 6980
861422 861398
891416 891648
782337 782741
32911 32920
707652 707577
548065 548516
825740 825391
686609 686644
291572 291320
366152 366529
745868 745378
466143 466059
130263 130354
467107 467236
895204 895762
904792 904424
737441 737058
297432 297966
801813 801896
122361 122138
312763 312806
192399 192617
84088 83597
507041 507511
522123 522253
668533 667930
187709 188312
349093 349226
296078 295855
322298 322004
877679 877374
195754 195982
79200 79698
24456 25119
243178 243724
901113 901012
832670 833225
765103 765015
556576 556769
866461 865628
937415 936686
620691 620809
99422 100184
568591 569452
860812 861451
447670 447998
516760 516478
955705 955767
660056 659316
367619 367501
784245 783656
999998 999999
999999 999900