922 926
643 128
667 65
711 909
954 14
537 685
417 643
399 420
426 619
830 214
667 257
628 302
253 102
448 801
472 535
786 876
596 72
684 490
228 823
718 579
742 528
465 536
382 999
499 419
836 781
481 742
806 312
372 795
4 175
560 20
601 497
605 683
366 279
589 145
9 751
52 224
49 555
94 720
750 755
709 870
877 956
297 883
914 769
872 420
489 798
329 591
723 326
420 743
308 428
890 977
596 728
702 272
802 10
76 493
124 24
538 954
764 245
655 112
307 48
114 848
868 770
630 639
547 226
34 493
566 277
874 357
691 834
314 96
335 39
725 552
358 228
40 563
30 106
124 943
868 705
792 364
909 608
796 608
330 795
24 872
40 871
442 576
140 778
233 669
52 157
343 654
958 12
991 7
413 231
476 618
932 765
755 125
353 481
644 829
837 857
61 823
610 362
458 337
618 340
597 792
