147 157 
464 474 
345 355 
302 312 
472 482 
485 495 
238 248 
177 187 
75 85 
242 252 
421 431 
157 167 
169 179 
409 419 
193 203 
148 158 
288 298 
64 74 
59 69 
262 272 
52 62 
42 52 
355 365 
368 378 
70 80 
191 201 
407 417 
209 219 
414 424 
123 133 
395 405 
107 117 
212 222 
7 17 
218 228 
70 80 
328 338 
478 488 
86 96 
406 416 
469 479 
198 208 
234 244 
177 187 
348 358 
428 438 
384 394 
379 389 
24 34 
38 48 
349 359 
377 387 
288 298 
102 112 
287 297 
216 226 
284 294 
292 302 
235 245 
475 485 
160 170 
47 57 
482 492 
359 369 
143 153 
76 86 
167 177 
308 318 
94 104 
274 284 
286 296 
265 275 
365 375 
232 242 
460 470 
210 220 
32 42 
174 184 
487 497 
248 258 
317 327 
199 209 
237 247 
484 494 
395 405 
34 44 
1 11 
111 121 
69 79 
134 144 
256 266 
26 36 
246 256 
221 231 
486 496 
139 149 
222 232 
111 121 
338 348 
54 64 
406 416 
